<LEFTTOP>
0.000000 0.000000 0.000000
END
<MESH>
MAPMESH_TAG_CEILING_DEFAULT
END
MAPMESH_TAG_CEILING_BROKEN
END
MAPMESH_TAG_CEILING_NORMAL
NEW
2.000000 4.000000 -2.000000
0.000000 3.141593 0.000000
1.275000 1.275000 1.275000
NEW
2.000000 4.000000 -3.000000
0.000000 3.141593 0.000000
1.275000 1.275000 1.275000
NEW
2.000000 4.000000 -4.000000
0.000000 3.141593 0.000000
1.275000 1.275000 1.275000
NEW
2.000000 4.000000 -5.000000
0.000000 3.141593 0.000000
1.275000 1.275000 1.275000
NEW
2.000000 4.000000 -6.000000
0.000000 3.141593 0.000000
1.275000 1.275000 1.275000
NEW
2.000000 4.000000 -7.000000
0.000000 3.141593 0.000000
1.275000 1.275000 1.275000
NEW
2.000000 4.000000 -8.000000
0.000000 3.141593 0.000000
1.275000 1.275000 1.275000
NEW
3.000000 4.000000 -2.000000
0.000000 3.141593 0.000000
1.275000 1.275000 1.275000
NEW
3.000000 4.000000 -5.000000
0.000000 3.141593 0.000000
1.275000 1.275000 1.275000
NEW
3.000000 4.000000 -6.000000
0.000000 3.141593 0.000000
1.275000 1.275000 1.275000
NEW
3.000000 4.000000 -7.000000
0.000000 3.141593 0.000000
1.275000 1.275000 1.275000
NEW
3.000000 4.000000 -8.000000
0.000000 3.141593 0.000000
1.275000 1.275000 1.275000
NEW
4.000000 4.000000 -2.000000
0.000000 3.141593 0.000000
1.275000 1.275000 1.275000
NEW
4.000000 4.000000 -4.000000
0.000000 3.141593 0.000000
1.275000 1.275000 1.275000
NEW
4.000000 4.000000 -6.000000
0.000000 3.141593 0.000000
1.275000 1.275000 1.275000
NEW
4.000000 4.000000 -7.000000
0.000000 3.141593 0.000000
1.275000 1.275000 1.275000
NEW
4.000000 4.000000 -8.000000
0.000000 3.141593 0.000000
1.275000 1.275000 1.275000
NEW
5.000000 4.000000 -2.000000
0.000000 3.141593 0.000000
1.275000 1.275000 1.275000
NEW
5.000000 4.000000 -4.000000
0.000000 3.141593 0.000000
1.275000 1.275000 1.275000
NEW
5.000000 4.000000 -7.000000
0.000000 3.141593 0.000000
1.275000 1.275000 1.275000
NEW
5.000000 4.000000 -8.000000
0.000000 3.141593 0.000000
1.275000 1.275000 1.275000
NEW
6.000000 4.000000 -2.000000
0.000000 3.141593 0.000000
1.275000 1.275000 1.275000
NEW
6.000000 4.000000 -4.000000
0.000000 3.141593 0.000000
1.275000 1.275000 1.275000
NEW
6.000000 4.000000 -6.000000
0.000000 3.141593 0.000000
1.275000 1.275000 1.275000
NEW
6.000000 4.000000 -8.000000
0.000000 3.141593 0.000000
1.275000 1.275000 1.275000
NEW
7.000000 4.000000 -2.000000
0.000000 3.141593 0.000000
1.275000 1.275000 1.275000
NEW
7.000000 4.000000 -4.000000
0.000000 3.141593 0.000000
1.275000 1.275000 1.275000
NEW
7.000000 4.000000 -6.000000
0.000000 3.141593 0.000000
1.275000 1.275000 1.275000
NEW
7.000000 4.000000 -8.000000
0.000000 3.141593 0.000000
1.275000 1.275000 1.275000
NEW
8.000000 4.000000 -2.000000
0.000000 3.141593 0.000000
1.275000 1.275000 1.275000
NEW
8.000000 4.000000 -4.000000
0.000000 3.141593 0.000000
1.275000 1.275000 1.275000
NEW
8.000000 4.000000 -6.000000
0.000000 3.141593 0.000000
1.275000 1.275000 1.275000
NEW
8.000000 4.000000 -7.000000
0.000000 3.141593 0.000000
1.275000 1.275000 1.275000
NEW
8.000000 4.000000 -8.000000
0.000000 3.141593 0.000000
1.275000 1.275000 1.275000
NEW
9.000000 4.000000 -2.000000
0.000000 3.141593 0.000000
1.275000 1.275000 1.275000
NEW
9.000000 4.000000 -4.000000
0.000000 3.141593 0.000000
1.275000 1.275000 1.275000
NEW
9.000000 4.000000 -6.000000
0.000000 3.141593 0.000000
1.275000 1.275000 1.275000
NEW
9.000000 4.000000 -8.000000
0.000000 3.141593 0.000000
1.275000 1.275000 1.275000
NEW
10.000000 4.000000 -2.000000
0.000000 3.141593 0.000000
1.275000 1.275000 1.275000
NEW
10.000000 4.000000 -4.000000
0.000000 3.141593 0.000000
1.275000 1.275000 1.275000
NEW
10.000000 4.000000 -8.000000
0.000000 3.141593 0.000000
1.275000 1.275000 1.275000
NEW
11.000000 4.000000 -2.000000
0.000000 3.141593 0.000000
1.275000 1.275000 1.275000
NEW
11.000000 4.000000 -4.000000
0.000000 3.141593 0.000000
1.275000 1.275000 1.275000
NEW
11.000000 4.000000 -5.000000
0.000000 3.141593 0.000000
1.275000 1.275000 1.275000
NEW
11.000000 4.000000 -6.000000
0.000000 3.141593 0.000000
1.275000 1.275000 1.275000
NEW
11.000000 4.000000 -7.000000
0.000000 3.141593 0.000000
1.275000 1.275000 1.275000
NEW
11.000000 4.000000 -8.000000
0.000000 3.141593 0.000000
1.275000 1.275000 1.275000
END
MAPMESH_TAG_WALL_WORN
NEW
1.000000 0.000000 -2.000000
0.000000 4.712389 0.000000
1.275000 1.275000 1.275000
NEW
1.000000 2.000000 -2.000000
0.000000 4.712389 0.000000
1.275000 1.275000 1.275000
NEW
1.000000 2.000000 -2.000000
0.000000 4.712389 0.000000
1.275000 1.275000 1.275000
NEW
1.000000 2.000000 -2.000000
0.000000 4.712389 0.000000
1.275000 1.275000 1.275000
NEW
1.000000 2.000000 -2.000000
0.000000 4.712389 0.000000
1.275000 1.275000 1.275000
NEW
1.000000 2.000000 -2.000000
0.000000 4.712389 0.000000
1.275000 1.275000 1.275000
NEW
1.000000 2.000000 -2.000000
0.000000 4.712389 0.000000
1.275000 1.275000 1.275000
NEW
1.000000 2.000000 -2.000000
0.000000 4.712389 0.000000
1.275000 1.275000 1.275000
NEW
1.000000 2.000000 -2.000000
0.000000 4.712389 0.000000
1.275000 1.275000 1.275000
NEW
1.000000 2.000000 -2.000000
0.000000 4.712389 0.000000
1.275000 1.275000 1.275000
NEW
1.000000 2.000000 -2.000000
0.000000 4.712389 0.000000
1.275000 1.275000 1.275000
NEW
1.000000 0.000000 -3.000000
0.000000 4.712389 0.000000
1.275000 1.275000 1.275000
NEW
1.000000 2.000000 -3.000000
0.000000 4.712389 0.000000
1.275000 1.275000 1.275000
NEW
1.000000 2.000000 -3.000000
0.000000 4.712389 0.000000
1.275000 1.275000 1.275000
NEW
1.000000 2.000000 -3.000000
0.000000 4.712389 0.000000
1.275000 1.275000 1.275000
NEW
1.000000 2.000000 -3.000000
0.000000 4.712389 0.000000
1.275000 1.275000 1.275000
NEW
1.000000 2.000000 -3.000000
0.000000 4.712389 0.000000
1.275000 1.275000 1.275000
NEW
1.000000 2.000000 -3.000000
0.000000 4.712389 0.000000
1.275000 1.275000 1.275000
NEW
1.000000 2.000000 -3.000000
0.000000 4.712389 0.000000
1.275000 1.275000 1.275000
NEW
1.000000 2.000000 -3.000000
0.000000 4.712389 0.000000
1.275000 1.275000 1.275000
NEW
1.000000 2.000000 -3.000000
0.000000 4.712389 0.000000
1.275000 1.275000 1.275000
NEW
1.000000 0.000000 -4.000000
0.000000 4.712389 0.000000
1.275000 1.275000 1.275000
NEW
1.000000 2.000000 -4.000000
0.000000 4.712389 0.000000
1.275000 1.275000 1.275000
NEW
1.000000 2.000000 -4.000000
0.000000 4.712389 0.000000
1.275000 1.275000 1.275000
NEW
1.000000 2.000000 -4.000000
0.000000 4.712389 0.000000
1.275000 1.275000 1.275000
NEW
1.000000 2.000000 -4.000000
0.000000 4.712389 0.000000
1.275000 1.275000 1.275000
NEW
1.000000 0.000000 -5.000000
0.000000 4.712389 0.000000
1.275000 1.275000 1.275000
NEW
1.000000 2.000000 -5.000000
0.000000 4.712389 0.000000
1.275000 1.275000 1.275000
NEW
1.000000 2.000000 -5.000000
0.000000 4.712389 0.000000
1.275000 1.275000 1.275000
NEW
1.000000 2.000000 -5.000000
0.000000 4.712389 0.000000
1.275000 1.275000 1.275000
NEW
1.000000 2.000000 -5.000000
0.000000 4.712389 0.000000
1.275000 1.275000 1.275000
NEW
1.000000 2.000000 -5.000000
0.000000 4.712389 0.000000
1.275000 1.275000 1.275000
NEW
1.000000 2.000000 -5.000000
0.000000 4.712389 0.000000
1.275000 1.275000 1.275000
NEW
1.000000 2.000000 -5.000000
0.000000 4.712389 0.000000
1.275000 1.275000 1.275000
NEW
1.000000 0.000000 -6.000000
0.000000 4.712389 0.000000
1.275000 1.275000 1.275000
NEW
1.000000 2.000000 -6.000000
0.000000 4.712389 0.000000
1.275000 1.275000 1.275000
NEW
1.000000 2.000000 -6.000000
0.000000 4.712389 0.000000
1.275000 1.275000 1.275000
NEW
1.000000 2.000000 -6.000000
0.000000 4.712389 0.000000
1.275000 1.275000 1.275000
NEW
1.000000 2.000000 -6.000000
0.000000 4.712389 0.000000
1.275000 1.275000 1.275000
NEW
1.000000 2.000000 -6.000000
0.000000 4.712389 0.000000
1.275000 1.275000 1.275000
NEW
1.000000 0.000000 -7.000000
0.000000 4.712389 0.000000
1.275000 1.275000 1.275000
NEW
1.000000 2.000000 -7.000000
0.000000 4.712389 0.000000
1.275000 1.275000 1.275000
NEW
1.000000 2.000000 -7.000000
0.000000 4.712389 0.000000
1.275000 1.275000 1.275000
NEW
1.000000 2.000000 -7.000000
0.000000 4.712389 0.000000
1.275000 1.275000 1.275000
NEW
1.000000 2.000000 -7.000000
0.000000 4.712389 0.000000
1.275000 1.275000 1.275000
NEW
1.000000 2.000000 -7.000000
0.000000 4.712389 0.000000
1.275000 1.275000 1.275000
NEW
1.000000 0.000000 -8.000000
0.000000 4.712389 0.000000
1.275000 1.275000 1.275000
NEW
1.000000 2.000000 -8.000000
0.000000 4.712389 0.000000
1.275000 1.275000 1.275000
NEW
1.000000 2.000000 -8.000000
0.000000 4.712389 0.000000
1.275000 1.275000 1.275000
NEW
1.000000 2.000000 -8.000000
0.000000 4.712389 0.000000
1.275000 1.275000 1.275000
NEW
1.000000 2.000000 -8.000000
0.000000 4.712389 0.000000
1.275000 1.275000 1.275000
NEW
1.000000 2.000000 -8.000000
0.000000 4.712389 0.000000
1.275000 1.275000 1.275000
NEW
1.000000 2.000000 -8.000000
0.000000 4.712389 0.000000
1.275000 1.275000 1.275000
NEW
1.000000 2.000000 -8.000000
0.000000 4.712389 0.000000
1.275000 1.275000 1.275000
NEW
1.000000 2.000000 -8.000000
0.000000 4.712389 0.000000
1.275000 1.275000 1.275000
NEW
1.000000 2.000000 -8.000000
0.000000 4.712389 0.000000
1.275000 1.275000 1.275000
NEW
1.000000 2.000000 -8.000000
0.000000 4.712389 0.000000
1.275000 1.275000 1.275000
NEW
1.000000 2.000000 -8.000000
0.000000 4.712389 0.000000
1.275000 1.275000 1.275000
NEW
1.000000 2.000000 -8.000000
0.000000 4.712389 0.000000
1.275000 1.275000 1.275000
NEW
1.000000 2.000000 -8.000000
0.000000 4.712389 0.000000
1.275000 1.275000 1.275000
NEW
2.000000 0.000000 -1.000000
0.000000 0.000000 0.000000
1.275000 1.275000 1.275000
NEW
2.000000 2.000000 -1.000000
0.000000 0.000000 0.000000
1.275000 1.275000 1.275000
NEW
2.000000 2.000000 -1.000000
0.000000 0.000000 0.000000
1.275000 1.275000 1.275000
NEW
2.000000 2.000000 -1.000000
0.000000 0.000000 0.000000
1.275000 1.275000 1.275000
NEW
2.000000 2.000000 -1.000000
0.000000 0.000000 0.000000
1.275000 1.275000 1.275000
NEW
2.000000 2.000000 -1.000000
0.000000 0.000000 0.000000
1.275000 1.275000 1.275000
NEW
2.000000 2.000000 -1.000000
0.000000 0.000000 0.000000
1.275000 1.275000 1.275000
NEW
2.000000 2.000000 -1.000000
0.000000 0.000000 0.000000
1.275000 1.275000 1.275000
NEW
2.000000 2.000000 -1.000000
0.000000 0.000000 0.000000
1.275000 1.275000 1.275000
NEW
2.000000 2.000000 -1.000000
0.000000 0.000000 0.000000
1.275000 1.275000 1.275000
NEW
2.000000 2.000000 -1.000000
0.000000 0.000000 0.000000
1.275000 1.275000 1.275000
NEW
2.000000 2.000000 -1.000000
0.000000 0.000000 0.000000
1.275000 1.275000 1.275000
NEW
2.000000 2.000000 -1.000000
0.000000 0.000000 0.000000
1.275000 1.275000 1.275000
NEW
2.000000 2.000000 -1.000000
0.000000 0.000000 0.000000
1.275000 1.275000 1.275000
NEW
2.000000 2.000000 -1.000000
0.000000 0.000000 0.000000
1.275000 1.275000 1.275000
NEW
2.000000 2.000000 -1.000000
0.000000 0.000000 0.000000
1.275000 1.275000 1.275000
NEW
2.000000 2.000000 -1.000000
0.000000 0.000000 0.000000
1.275000 1.275000 1.275000
NEW
2.000000 0.000000 -9.000000
0.000000 3.141593 0.000000
1.275000 1.275000 1.275000
NEW
2.000000 2.000000 -9.000000
0.000000 3.141593 0.000000
1.275000 1.275000 1.275000
NEW
2.000000 2.000000 -9.000000
0.000000 3.141593 0.000000
1.275000 1.275000 1.275000
NEW
2.000000 2.000000 -9.000000
0.000000 3.141593 0.000000
1.275000 1.275000 1.275000
NEW
2.000000 2.000000 -9.000000
0.000000 3.141593 0.000000
1.275000 1.275000 1.275000
NEW
2.000000 2.000000 -9.000000
0.000000 3.141593 0.000000
1.275000 1.275000 1.275000
NEW
2.000000 2.000000 -9.000000
0.000000 3.141593 0.000000
1.275000 1.275000 1.275000
NEW
2.000000 2.000000 -9.000000
0.000000 3.141593 0.000000
1.275000 1.275000 1.275000
NEW
2.000000 2.000000 -9.000000
0.000000 3.141593 0.000000
1.275000 1.275000 1.275000
NEW
2.000000 2.000000 -9.000000
0.000000 3.141593 0.000000
1.275000 1.275000 1.275000
NEW
2.000000 2.000000 -9.000000
0.000000 3.141593 0.000000
1.275000 1.275000 1.275000
NEW
2.000000 2.000000 -9.000000
0.000000 3.141593 0.000000
1.275000 1.275000 1.275000
NEW
3.000000 0.000000 -1.000000
0.000000 0.000000 0.000000
1.275000 1.275000 1.275000
NEW
3.000000 2.000000 -1.000000
0.000000 0.000000 0.000000
1.275000 1.275000 1.275000
NEW
3.000000 2.000000 -1.000000
0.000000 0.000000 0.000000
1.275000 1.275000 1.275000
NEW
3.000000 2.000000 -1.000000
0.000000 0.000000 0.000000
1.275000 1.275000 1.275000
NEW
3.000000 2.000000 -1.000000
0.000000 0.000000 0.000000
1.275000 1.275000 1.275000
NEW
3.000000 2.000000 -1.000000
0.000000 0.000000 0.000000
1.275000 1.275000 1.275000
NEW
3.000000 2.000000 -1.000000
0.000000 0.000000 0.000000
1.275000 1.275000 1.275000
NEW
3.000000 2.000000 -1.000000
0.000000 0.000000 0.000000
1.275000 1.275000 1.275000
NEW
3.000000 2.000000 -1.000000
0.000000 0.000000 0.000000
1.275000 1.275000 1.275000
NEW
3.000000 2.000000 -1.000000
0.000000 0.000000 0.000000
1.275000 1.275000 1.275000
NEW
3.000000 2.000000 -1.000000
0.000000 0.000000 0.000000
1.275000 1.275000 1.275000
NEW
3.000000 2.000000 -1.000000
0.000000 0.000000 0.000000
1.275000 1.275000 1.275000
NEW
3.000000 0.000000 -9.000000
0.000000 3.141593 0.000000
1.275000 1.275000 1.275000
NEW
3.000000 2.000000 -9.000000
0.000000 3.141593 0.000000
1.275000 1.275000 1.275000
NEW
3.000000 2.000000 -9.000000
0.000000 3.141593 0.000000
1.275000 1.275000 1.275000
NEW
3.000000 2.000000 -9.000000
0.000000 3.141593 0.000000
1.275000 1.275000 1.275000
NEW
3.000000 2.000000 -9.000000
0.000000 3.141593 0.000000
1.275000 1.275000 1.275000
NEW
3.000000 2.000000 -9.000000
0.000000 3.141593 0.000000
1.275000 1.275000 1.275000
NEW
3.000000 2.000000 -9.000000
0.000000 3.141593 0.000000
1.275000 1.275000 1.275000
NEW
3.000000 2.000000 -9.000000
0.000000 3.141593 0.000000
1.275000 1.275000 1.275000
NEW
3.000000 2.000000 -9.000000
0.000000 3.141593 0.000000
1.275000 1.275000 1.275000
NEW
3.000000 2.000000 -9.000000
0.000000 3.141593 0.000000
1.275000 1.275000 1.275000
NEW
4.000000 0.000000 -1.000000
0.000000 0.000000 0.000000
1.275000 1.275000 1.275000
NEW
4.000000 2.000000 -1.000000
0.000000 0.000000 0.000000
1.275000 1.275000 1.275000
NEW
4.000000 2.000000 -1.000000
0.000000 0.000000 0.000000
1.275000 1.275000 1.275000
NEW
4.000000 2.000000 -1.000000
0.000000 0.000000 0.000000
1.275000 1.275000 1.275000
NEW
4.000000 2.000000 -1.000000
0.000000 0.000000 0.000000
1.275000 1.275000 1.275000
NEW
4.000000 2.000000 -1.000000
0.000000 0.000000 0.000000
1.275000 1.275000 1.275000
NEW
4.000000 2.000000 -1.000000
0.000000 0.000000 0.000000
1.275000 1.275000 1.275000
NEW
4.000000 2.000000 -1.000000
0.000000 0.000000 0.000000
1.275000 1.275000 1.275000
NEW
4.000000 2.000000 -1.000000
0.000000 0.000000 0.000000
1.275000 1.275000 1.275000
NEW
4.000000 2.000000 -1.000000
0.000000 0.000000 0.000000
1.275000 1.275000 1.275000
NEW
4.000000 2.000000 -1.000000
0.000000 0.000000 0.000000
1.275000 1.275000 1.275000
NEW
4.000000 2.000000 -1.000000
0.000000 0.000000 0.000000
1.275000 1.275000 1.275000
NEW
4.000000 2.000000 -1.000000
0.000000 0.000000 0.000000
1.275000 1.275000 1.275000
NEW
4.000000 0.000000 -9.000000
0.000000 3.141593 0.000000
1.275000 1.275000 1.275000
NEW
4.000000 2.000000 -9.000000
0.000000 3.141593 0.000000
1.275000 1.275000 1.275000
NEW
4.000000 2.000000 -9.000000
0.000000 3.141593 0.000000
1.275000 1.275000 1.275000
NEW
4.000000 2.000000 -9.000000
0.000000 3.141593 0.000000
1.275000 1.275000 1.275000
NEW
4.000000 2.000000 -9.000000
0.000000 3.141593 0.000000
1.275000 1.275000 1.275000
NEW
4.000000 2.000000 -9.000000
0.000000 3.141593 0.000000
1.275000 1.275000 1.275000
NEW
4.000000 2.000000 -9.000000
0.000000 3.141593 0.000000
1.275000 1.275000 1.275000
NEW
4.000000 2.000000 -9.000000
0.000000 3.141593 0.000000
1.275000 1.275000 1.275000
NEW
5.000000 0.000000 -1.000000
0.000000 0.000000 0.000000
1.275000 1.275000 1.275000
NEW
5.000000 2.000000 -1.000000
0.000000 0.000000 0.000000
1.275000 1.275000 1.275000
NEW
5.000000 2.000000 -1.000000
0.000000 0.000000 0.000000
1.275000 1.275000 1.275000
NEW
5.000000 2.000000 -1.000000
0.000000 0.000000 0.000000
1.275000 1.275000 1.275000
NEW
5.000000 2.000000 -1.000000
0.000000 0.000000 0.000000
1.275000 1.275000 1.275000
NEW
5.000000 2.000000 -1.000000
0.000000 0.000000 0.000000
1.275000 1.275000 1.275000
NEW
5.000000 2.000000 -1.000000
0.000000 0.000000 0.000000
1.275000 1.275000 1.275000
NEW
5.000000 2.000000 -1.000000
0.000000 0.000000 0.000000
1.275000 1.275000 1.275000
NEW
5.000000 0.000000 -9.000000
0.000000 3.141593 0.000000
1.275000 1.275000 1.275000
NEW
5.000000 2.000000 -9.000000
0.000000 3.141593 0.000000
1.275000 1.275000 1.275000
NEW
5.000000 2.000000 -9.000000
0.000000 3.141593 0.000000
1.275000 1.275000 1.275000
NEW
5.000000 2.000000 -9.000000
0.000000 3.141593 0.000000
1.275000 1.275000 1.275000
NEW
5.000000 2.000000 -9.000000
0.000000 3.141593 0.000000
1.275000 1.275000 1.275000
NEW
5.000000 2.000000 -9.000000
0.000000 3.141593 0.000000
1.275000 1.275000 1.275000
NEW
5.000000 2.000000 -9.000000
0.000000 3.141593 0.000000
1.275000 1.275000 1.275000
NEW
5.000000 2.000000 -9.000000
0.000000 3.141593 0.000000
1.275000 1.275000 1.275000
NEW
6.000000 0.000000 -1.000000
0.000000 0.000000 0.000000
1.275000 1.275000 1.275000
NEW
6.000000 2.000000 -1.000000
0.000000 0.000000 0.000000
1.275000 1.275000 1.275000
NEW
6.000000 2.000000 -1.000000
0.000000 0.000000 0.000000
1.275000 1.275000 1.275000
NEW
6.000000 2.000000 -1.000000
0.000000 0.000000 0.000000
1.275000 1.275000 1.275000
NEW
6.000000 2.000000 -1.000000
0.000000 0.000000 0.000000
1.275000 1.275000 1.275000
NEW
6.000000 2.000000 -1.000000
0.000000 0.000000 0.000000
1.275000 1.275000 1.275000
NEW
6.000000 2.000000 -1.000000
0.000000 0.000000 0.000000
1.275000 1.275000 1.275000
NEW
6.000000 2.000000 -1.000000
0.000000 0.000000 0.000000
1.275000 1.275000 1.275000
NEW
6.000000 2.000000 -1.000000
0.000000 0.000000 0.000000
1.275000 1.275000 1.275000
NEW
6.000000 2.000000 -1.000000
0.000000 0.000000 0.000000
1.275000 1.275000 1.275000
NEW
6.000000 2.000000 -1.000000
0.000000 0.000000 0.000000
1.275000 1.275000 1.275000
NEW
6.000000 0.000000 -9.000000
0.000000 3.141593 0.000000
1.275000 1.275000 1.275000
NEW
6.000000 2.000000 -9.000000
0.000000 3.141593 0.000000
1.275000 1.275000 1.275000
NEW
6.000000 2.000000 -9.000000
0.000000 3.141593 0.000000
1.275000 1.275000 1.275000
NEW
6.000000 2.000000 -9.000000
0.000000 3.141593 0.000000
1.275000 1.275000 1.275000
NEW
6.000000 2.000000 -9.000000
0.000000 3.141593 0.000000
1.275000 1.275000 1.275000
NEW
6.000000 2.000000 -9.000000
0.000000 3.141593 0.000000
1.275000 1.275000 1.275000
NEW
6.000000 2.000000 -9.000000
0.000000 3.141593 0.000000
1.275000 1.275000 1.275000
NEW
6.000000 2.000000 -9.000000
0.000000 3.141593 0.000000
1.275000 1.275000 1.275000
NEW
7.000000 0.000000 -1.000000
0.000000 0.000000 0.000000
1.275000 1.275000 1.275000
NEW
7.000000 2.000000 -1.000000
0.000000 0.000000 0.000000
1.275000 1.275000 1.275000
NEW
7.000000 2.000000 -1.000000
0.000000 0.000000 0.000000
1.275000 1.275000 1.275000
NEW
7.000000 2.000000 -1.000000
0.000000 0.000000 0.000000
1.275000 1.275000 1.275000
NEW
7.000000 2.000000 -1.000000
0.000000 0.000000 0.000000
1.275000 1.275000 1.275000
NEW
7.000000 2.000000 -1.000000
0.000000 0.000000 0.000000
1.275000 1.275000 1.275000
NEW
7.000000 2.000000 -1.000000
0.000000 0.000000 0.000000
1.275000 1.275000 1.275000
NEW
7.000000 0.000000 -9.000000
0.000000 3.141593 0.000000
1.275000 1.275000 1.275000
NEW
7.000000 2.000000 -9.000000
0.000000 3.141593 0.000000
1.275000 1.275000 1.275000
NEW
7.000000 2.000000 -9.000000
0.000000 3.141593 0.000000
1.275000 1.275000 1.275000
NEW
7.000000 2.000000 -9.000000
0.000000 3.141593 0.000000
1.275000 1.275000 1.275000
NEW
7.000000 2.000000 -9.000000
0.000000 3.141593 0.000000
1.275000 1.275000 1.275000
NEW
7.000000 2.000000 -9.000000
0.000000 3.141593 0.000000
1.275000 1.275000 1.275000
NEW
8.000000 0.000000 -1.000000
0.000000 0.000000 0.000000
1.275000 1.275000 1.275000
NEW
8.000000 2.000000 -1.000000
0.000000 0.000000 0.000000
1.275000 1.275000 1.275000
NEW
8.000000 2.000000 -1.000000
0.000000 0.000000 0.000000
1.275000 1.275000 1.275000
NEW
8.000000 2.000000 -1.000000
0.000000 0.000000 0.000000
1.275000 1.275000 1.275000
NEW
8.000000 2.000000 -1.000000
0.000000 0.000000 0.000000
1.275000 1.275000 1.275000
NEW
8.000000 2.000000 -1.000000
0.000000 0.000000 0.000000
1.275000 1.275000 1.275000
NEW
8.000000 2.000000 -1.000000
0.000000 0.000000 0.000000
1.275000 1.275000 1.275000
NEW
8.000000 2.000000 -1.000000
0.000000 0.000000 0.000000
1.275000 1.275000 1.275000
NEW
8.000000 0.000000 -9.000000
0.000000 3.141593 0.000000
1.275000 1.275000 1.275000
NEW
8.000000 2.000000 -9.000000
0.000000 3.141593 0.000000
1.275000 1.275000 1.275000
NEW
8.000000 2.000000 -9.000000
0.000000 3.141593 0.000000
1.275000 1.275000 1.275000
NEW
8.000000 2.000000 -9.000000
0.000000 3.141593 0.000000
1.275000 1.275000 1.275000
NEW
8.000000 2.000000 -9.000000
0.000000 3.141593 0.000000
1.275000 1.275000 1.275000
NEW
8.000000 2.000000 -9.000000
0.000000 3.141593 0.000000
1.275000 1.275000 1.275000
NEW
8.000000 2.000000 -9.000000
0.000000 3.141593 0.000000
1.275000 1.275000 1.275000
NEW
8.000000 2.000000 -9.000000
0.000000 3.141593 0.000000
1.275000 1.275000 1.275000
NEW
9.000000 0.000000 -1.000000
0.000000 0.000000 0.000000
1.275000 1.275000 1.275000
NEW
9.000000 2.000000 -1.000000
0.000000 0.000000 0.000000
1.275000 1.275000 1.275000
NEW
9.000000 2.000000 -1.000000
0.000000 0.000000 0.000000
1.275000 1.275000 1.275000
NEW
9.000000 2.000000 -1.000000
0.000000 0.000000 0.000000
1.275000 1.275000 1.275000
NEW
9.000000 2.000000 -1.000000
0.000000 0.000000 0.000000
1.275000 1.275000 1.275000
NEW
9.000000 2.000000 -1.000000
0.000000 0.000000 0.000000
1.275000 1.275000 1.275000
NEW
9.000000 2.000000 -1.000000
0.000000 0.000000 0.000000
1.275000 1.275000 1.275000
NEW
9.000000 2.000000 -1.000000
0.000000 0.000000 0.000000
1.275000 1.275000 1.275000
NEW
9.000000 2.000000 -1.000000
0.000000 0.000000 0.000000
1.275000 1.275000 1.275000
NEW
9.000000 0.000000 -9.000000
0.000000 3.141593 0.000000
1.275000 1.275000 1.275000
NEW
9.000000 2.000000 -9.000000
0.000000 3.141593 0.000000
1.275000 1.275000 1.275000
NEW
9.000000 2.000000 -9.000000
0.000000 3.141593 0.000000
1.275000 1.275000 1.275000
NEW
9.000000 2.000000 -9.000000
0.000000 3.141593 0.000000
1.275000 1.275000 1.275000
NEW
9.000000 2.000000 -9.000000
0.000000 3.141593 0.000000
1.275000 1.275000 1.275000
NEW
9.000000 2.000000 -9.000000
0.000000 3.141593 0.000000
1.275000 1.275000 1.275000
NEW
9.000000 2.000000 -9.000000
0.000000 3.141593 0.000000
1.275000 1.275000 1.275000
NEW
9.000000 2.000000 -9.000000
0.000000 3.141593 0.000000
1.275000 1.275000 1.275000
NEW
10.000000 0.000000 -1.000000
0.000000 0.000000 0.000000
1.275000 1.275000 1.275000
NEW
10.000000 2.000000 -1.000000
0.000000 0.000000 0.000000
1.275000 1.275000 1.275000
NEW
10.000000 2.000000 -1.000000
0.000000 0.000000 0.000000
1.275000 1.275000 1.275000
NEW
10.000000 2.000000 -1.000000
0.000000 0.000000 0.000000
1.275000 1.275000 1.275000
NEW
10.000000 2.000000 -1.000000
0.000000 0.000000 0.000000
1.275000 1.275000 1.275000
NEW
10.000000 2.000000 -1.000000
0.000000 0.000000 0.000000
1.275000 1.275000 1.275000
NEW
10.000000 2.000000 -1.000000
0.000000 0.000000 0.000000
1.275000 1.275000 1.275000
NEW
10.000000 2.000000 -1.000000
0.000000 0.000000 0.000000
1.275000 1.275000 1.275000
NEW
10.000000 2.000000 -1.000000
0.000000 0.000000 0.000000
1.275000 1.275000 1.275000
NEW
10.000000 2.000000 -1.000000
0.000000 0.000000 0.000000
1.275000 1.275000 1.275000
NEW
10.000000 0.000000 -9.000000
0.000000 3.141593 0.000000
1.275000 1.275000 1.275000
NEW
10.000000 2.000000 -9.000000
0.000000 3.141593 0.000000
1.275000 1.275000 1.275000
NEW
10.000000 2.000000 -9.000000
0.000000 3.141593 0.000000
1.275000 1.275000 1.275000
NEW
10.000000 2.000000 -9.000000
0.000000 3.141593 0.000000
1.275000 1.275000 1.275000
NEW
10.000000 2.000000 -9.000000
0.000000 3.141593 0.000000
1.275000 1.275000 1.275000
NEW
11.000000 0.000000 -1.000000
0.000000 0.000000 0.000000
1.275000 1.275000 1.275000
NEW
11.000000 2.000000 -1.000000
0.000000 0.000000 0.000000
1.275000 1.275000 1.275000
NEW
11.000000 2.000000 -1.000000
0.000000 0.000000 0.000000
1.275000 1.275000 1.275000
NEW
11.000000 2.000000 -1.000000
0.000000 0.000000 0.000000
1.275000 1.275000 1.275000
NEW
11.000000 2.000000 -1.000000
0.000000 0.000000 0.000000
1.275000 1.275000 1.275000
NEW
11.000000 2.000000 -1.000000
0.000000 0.000000 0.000000
1.275000 1.275000 1.275000
NEW
11.000000 2.000000 -1.000000
0.000000 0.000000 0.000000
1.275000 1.275000 1.275000
NEW
11.000000 2.000000 -1.000000
0.000000 0.000000 0.000000
1.275000 1.275000 1.275000
NEW
11.000000 2.000000 -1.000000
0.000000 0.000000 0.000000
1.275000 1.275000 1.275000
NEW
11.000000 2.000000 -1.000000
0.000000 0.000000 0.000000
1.275000 1.275000 1.275000
NEW
11.000000 2.000000 -1.000000
0.000000 0.000000 0.000000
1.275000 1.275000 1.275000
NEW
11.000000 0.000000 -9.000000
0.000000 3.141593 0.000000
1.275000 1.275000 1.275000
NEW
11.000000 2.000000 -9.000000
0.000000 3.141593 0.000000
1.275000 1.275000 1.275000
NEW
11.000000 2.000000 -9.000000
0.000000 3.141593 0.000000
1.275000 1.275000 1.275000
NEW
11.000000 2.000000 -9.000000
0.000000 3.141593 0.000000
1.275000 1.275000 1.275000
NEW
11.000000 2.000000 -9.000000
0.000000 3.141593 0.000000
1.275000 1.275000 1.275000
NEW
11.000000 2.000000 -9.000000
0.000000 3.141593 0.000000
1.275000 1.275000 1.275000
NEW
11.000000 2.000000 -9.000000
0.000000 3.141593 0.000000
1.275000 1.275000 1.275000
NEW
11.000000 2.000000 -9.000000
0.000000 3.141593 0.000000
1.275000 1.275000 1.275000
NEW
11.000000 2.000000 -9.000000
0.000000 3.141593 0.000000
1.275000 1.275000 1.275000
NEW
12.000000 0.000000 -2.000000
0.000000 1.570796 0.000000
1.275000 1.275000 1.275000
NEW
12.000000 2.000000 -2.000000
0.000000 1.570796 0.000000
1.275000 1.275000 1.275000
NEW
12.000000 2.000000 -2.000000
0.000000 1.570796 0.000000
1.275000 1.275000 1.275000
NEW
12.000000 2.000000 -2.000000
0.000000 1.570796 0.000000
1.275000 1.275000 1.275000
NEW
12.000000 2.000000 -2.000000
0.000000 1.570796 0.000000
1.275000 1.275000 1.275000
NEW
12.000000 2.000000 -2.000000
0.000000 1.570796 0.000000
1.275000 1.275000 1.275000
NEW
12.000000 2.000000 -2.000000
0.000000 1.570796 0.000000
1.275000 1.275000 1.275000
NEW
12.000000 2.000000 -2.000000
0.000000 1.570796 0.000000
1.275000 1.275000 1.275000
NEW
12.000000 2.000000 -2.000000
0.000000 1.570796 0.000000
1.275000 1.275000 1.275000
NEW
12.000000 2.000000 -2.000000
0.000000 1.570796 0.000000
1.275000 1.275000 1.275000
NEW
12.000000 0.000000 -3.000000
0.000000 1.570796 0.000000
1.275000 1.275000 1.275000
NEW
12.000000 2.000000 -3.000000
0.000000 1.570796 0.000000
1.275000 1.275000 1.275000
NEW
12.000000 2.000000 -3.000000
0.000000 1.570796 0.000000
1.275000 1.275000 1.275000
NEW
12.000000 2.000000 -3.000000
0.000000 1.570796 0.000000
1.275000 1.275000 1.275000
NEW
12.000000 2.000000 -3.000000
0.000000 1.570796 0.000000
1.275000 1.275000 1.275000
NEW
12.000000 2.000000 -3.000000
0.000000 1.570796 0.000000
1.275000 1.275000 1.275000
NEW
12.000000 2.000000 -3.000000
0.000000 1.570796 0.000000
1.275000 1.275000 1.275000
NEW
12.000000 0.000000 -4.000000
0.000000 1.570796 0.000000
1.275000 1.275000 1.275000
NEW
12.000000 2.000000 -4.000000
0.000000 1.570796 0.000000
1.275000 1.275000 1.275000
NEW
12.000000 2.000000 -4.000000
0.000000 1.570796 0.000000
1.275000 1.275000 1.275000
NEW
12.000000 2.000000 -4.000000
0.000000 1.570796 0.000000
1.275000 1.275000 1.275000
NEW
12.000000 2.000000 -4.000000
0.000000 1.570796 0.000000
1.275000 1.275000 1.275000
NEW
12.000000 2.000000 -4.000000
0.000000 1.570796 0.000000
1.275000 1.275000 1.275000
NEW
12.000000 0.000000 -5.000000
0.000000 1.570796 0.000000
1.275000 1.275000 1.275000
NEW
12.000000 2.000000 -5.000000
0.000000 1.570796 0.000000
1.275000 1.275000 1.275000
NEW
12.000000 2.000000 -5.000000
0.000000 1.570796 0.000000
1.275000 1.275000 1.275000
NEW
12.000000 2.000000 -5.000000
0.000000 1.570796 0.000000
1.275000 1.275000 1.275000
NEW
12.000000 2.000000 -5.000000
0.000000 1.570796 0.000000
1.275000 1.275000 1.275000
NEW
12.000000 2.000000 -5.000000
0.000000 1.570796 0.000000
1.275000 1.275000 1.275000
NEW
12.000000 2.000000 -5.000000
0.000000 1.570796 0.000000
1.275000 1.275000 1.275000
NEW
12.000000 0.000000 -6.000000
0.000000 1.570796 0.000000
1.275000 1.275000 1.275000
NEW
12.000000 2.000000 -6.000000
0.000000 1.570796 0.000000
1.275000 1.275000 1.275000
NEW
12.000000 2.000000 -6.000000
0.000000 1.570796 0.000000
1.275000 1.275000 1.275000
NEW
12.000000 2.000000 -6.000000
0.000000 1.570796 0.000000
1.275000 1.275000 1.275000
NEW
12.000000 2.000000 -6.000000
0.000000 1.570796 0.000000
1.275000 1.275000 1.275000
NEW
12.000000 2.000000 -6.000000
0.000000 1.570796 0.000000
1.275000 1.275000 1.275000
NEW
12.000000 2.000000 -6.000000
0.000000 1.570796 0.000000
1.275000 1.275000 1.275000
NEW
12.000000 0.000000 -7.000000
0.000000 1.570796 0.000000
1.275000 1.275000 1.275000
NEW
12.000000 2.000000 -7.000000
0.000000 1.570796 0.000000
1.275000 1.275000 1.275000
NEW
12.000000 2.000000 -7.000000
0.000000 1.570796 0.000000
1.275000 1.275000 1.275000
NEW
12.000000 2.000000 -7.000000
0.000000 1.570796 0.000000
1.275000 1.275000 1.275000
NEW
12.000000 2.000000 -7.000000
0.000000 1.570796 0.000000
1.275000 1.275000 1.275000
NEW
12.000000 2.000000 -7.000000
0.000000 1.570796 0.000000
1.275000 1.275000 1.275000
NEW
12.000000 2.000000 -7.000000
0.000000 1.570796 0.000000
1.275000 1.275000 1.275000
NEW
12.000000 2.000000 -7.000000
0.000000 1.570796 0.000000
1.275000 1.275000 1.275000
NEW
12.000000 0.000000 -8.000000
0.000000 1.570796 0.000000
1.275000 1.275000 1.275000
NEW
12.000000 2.000000 -8.000000
0.000000 1.570796 0.000000
1.275000 1.275000 1.275000
NEW
12.000000 2.000000 -8.000000
0.000000 1.570796 0.000000
1.275000 1.275000 1.275000
NEW
12.000000 2.000000 -8.000000
0.000000 1.570796 0.000000
1.275000 1.275000 1.275000
END
MAPMESH_TAG_PILLAR_DEFAULT
NEW
1.000000 0.000000 -1.000000
0.000000 4.712389 0.000000
1.275000 1.275000 1.275000
NEW
1.000000 0.000000 -3.000000
0.000000 4.712389 0.000000
1.275000 1.275000 1.275000
NEW
1.000000 0.000000 -7.000000
0.000000 4.712389 0.000000
1.275000 1.275000 1.275000
NEW
1.000000 0.000000 -9.000000
0.000000 3.141593 0.000000
1.275000 1.275000 1.275000
NEW
3.000000 0.000000 -9.000000
0.000000 3.141593 0.000000
1.275000 1.275000 1.275000
NEW
4.000000 0.000000 -1.000000
0.000000 0.000000 0.000000
1.275000 1.275000 1.275000
NEW
6.000000 0.000000 -9.000000
0.000000 3.141593 0.000000
1.275000 1.275000 1.275000
NEW
8.000000 0.000000 -1.000000
0.000000 0.000000 0.000000
1.275000 1.275000 1.275000
NEW
9.000000 0.000000 -9.000000
0.000000 3.141593 0.000000
1.275000 1.275000 1.275000
NEW
12.000000 0.000000 -1.000000
0.000000 0.000000 0.000000
1.275000 1.275000 1.275000
NEW
12.000000 0.000000 -4.000000
0.000000 1.570796 0.000000
1.275000 1.275000 1.275000
NEW
12.000000 0.000000 -6.000000
0.000000 1.570796 0.000000
1.275000 1.275000 1.275000
NEW
12.000000 0.000000 -9.000000
0.000000 3.141593 0.000000
1.275000 1.275000 1.275000
END
MAPMESH_TAG_PILLAR_FULL
END
MAPMESH_TAG_FLOOR_DEFAULT
NEW
1.000000 0.000000 -1.000000
0.000000 0.000000 0.000000
1.275000 1.275000 1.275000
NEW
1.000000 0.000000 -2.000000
0.000000 0.000000 0.000000
1.275000 1.275000 1.275000
NEW
1.000000 0.000000 -3.000000
0.000000 0.000000 0.000000
1.275000 1.275000 1.275000
NEW
1.000000 0.000000 -4.000000
0.000000 0.000000 0.000000
1.275000 1.275000 1.275000
NEW
1.000000 0.000000 -5.000000
0.000000 0.000000 0.000000
1.275000 1.275000 1.275000
NEW
1.000000 0.000000 -6.000000
0.000000 0.000000 0.000000
1.275000 1.275000 1.275000
NEW
1.000000 0.000000 -7.000000
0.000000 0.000000 0.000000
1.275000 1.275000 1.275000
NEW
1.000000 0.000000 -8.000000
0.000000 0.000000 0.000000
1.275000 1.275000 1.275000
NEW
1.000000 0.000000 -9.000000
0.000000 0.000000 0.000000
1.275000 1.275000 1.275000
NEW
2.000000 0.000000 -1.000000
0.000000 0.000000 0.000000
1.275000 1.275000 1.275000
NEW
2.000000 0.000000 -2.000000
0.000000 0.000000 0.000000
1.275000 1.275000 1.275000
NEW
2.000000 0.000000 -3.000000
0.000000 0.000000 0.000000
1.275000 1.275000 1.275000
NEW
2.000000 0.000000 -4.000000
0.000000 0.000000 0.000000
1.275000 1.275000 1.275000
NEW
2.000000 0.000000 -5.000000
0.000000 0.000000 0.000000
1.275000 1.275000 1.275000
NEW
2.000000 0.000000 -6.000000
0.000000 0.000000 0.000000
1.275000 1.275000 1.275000
NEW
2.000000 0.000000 -7.000000
0.000000 0.000000 0.000000
1.275000 1.275000 1.275000
NEW
2.000000 0.000000 -8.000000
0.000000 0.000000 0.000000
1.275000 1.275000 1.275000
NEW
2.000000 0.000000 -9.000000
0.000000 0.000000 0.000000
1.275000 1.275000 1.275000
NEW
3.000000 0.000000 -1.000000
0.000000 0.000000 0.000000
1.275000 1.275000 1.275000
NEW
3.000000 0.000000 -2.000000
0.000000 0.000000 0.000000
1.275000 1.275000 1.275000
NEW
3.000000 0.000000 -3.000000
0.000000 0.000000 0.000000
1.275000 1.275000 1.275000
NEW
3.000000 0.000000 -4.000000
0.000000 0.000000 0.000000
1.275000 1.275000 1.275000
NEW
3.000000 0.000000 -5.000000
0.000000 0.000000 0.000000
1.275000 1.275000 1.275000
NEW
3.000000 0.000000 -6.000000
0.000000 0.000000 0.000000
1.275000 1.275000 1.275000
NEW
3.000000 0.000000 -7.000000
0.000000 0.000000 0.000000
1.275000 1.275000 1.275000
NEW
3.000000 0.000000 -8.000000
0.000000 0.000000 0.000000
1.275000 1.275000 1.275000
NEW
3.000000 0.000000 -9.000000
0.000000 0.000000 0.000000
1.275000 1.275000 1.275000
NEW
4.000000 0.000000 -1.000000
0.000000 0.000000 0.000000
1.275000 1.275000 1.275000
NEW
4.000000 0.000000 -2.000000
0.000000 0.000000 0.000000
1.275000 1.275000 1.275000
NEW
4.000000 0.000000 -3.000000
0.000000 0.000000 0.000000
1.275000 1.275000 1.275000
NEW
4.000000 0.000000 -4.000000
0.000000 0.000000 0.000000
1.275000 1.275000 1.275000
NEW
4.000000 0.000000 -5.000000
0.000000 0.000000 0.000000
1.275000 1.275000 1.275000
NEW
4.000000 0.000000 -6.000000
0.000000 0.000000 0.000000
1.275000 1.275000 1.275000
NEW
4.000000 0.000000 -7.000000
0.000000 0.000000 0.000000
1.275000 1.275000 1.275000
NEW
4.000000 0.000000 -8.000000
0.000000 0.000000 0.000000
1.275000 1.275000 1.275000
NEW
4.000000 0.000000 -9.000000
0.000000 0.000000 0.000000
1.275000 1.275000 1.275000
NEW
5.000000 0.000000 -1.000000
0.000000 0.000000 0.000000
1.275000 1.275000 1.275000
NEW
5.000000 0.000000 -2.000000
0.000000 0.000000 0.000000
1.275000 1.275000 1.275000
NEW
5.000000 0.000000 -3.000000
0.000000 0.000000 0.000000
1.275000 1.275000 1.275000
NEW
5.000000 0.000000 -4.000000
0.000000 0.000000 0.000000
1.275000 1.275000 1.275000
NEW
5.000000 0.000000 -5.000000
0.000000 0.000000 0.000000
1.275000 1.275000 1.275000
NEW
5.000000 0.000000 -6.000000
0.000000 0.000000 0.000000
1.275000 1.275000 1.275000
NEW
5.000000 0.000000 -7.000000
0.000000 0.000000 0.000000
1.275000 1.275000 1.275000
NEW
5.000000 0.000000 -8.000000
0.000000 0.000000 0.000000
1.275000 1.275000 1.275000
NEW
5.000000 0.000000 -9.000000
0.000000 0.000000 0.000000
1.275000 1.275000 1.275000
NEW
6.000000 0.000000 -1.000000
0.000000 0.000000 0.000000
1.275000 1.275000 1.275000
NEW
6.000000 0.000000 -2.000000
0.000000 0.000000 0.000000
1.275000 1.275000 1.275000
NEW
6.000000 0.000000 -3.000000
0.000000 0.000000 0.000000
1.275000 1.275000 1.275000
NEW
6.000000 0.000000 -4.000000
0.000000 0.000000 0.000000
1.275000 1.275000 1.275000
NEW
6.000000 0.000000 -5.000000
0.000000 0.000000 0.000000
1.275000 1.275000 1.275000
NEW
6.000000 0.000000 -6.000000
0.000000 0.000000 0.000000
1.275000 1.275000 1.275000
NEW
6.000000 0.000000 -7.000000
0.000000 0.000000 0.000000
1.275000 1.275000 1.275000
NEW
6.000000 0.000000 -8.000000
0.000000 0.000000 0.000000
1.275000 1.275000 1.275000
NEW
6.000000 0.000000 -9.000000
0.000000 0.000000 0.000000
1.275000 1.275000 1.275000
NEW
7.000000 0.000000 -1.000000
0.000000 0.000000 0.000000
1.275000 1.275000 1.275000
NEW
7.000000 0.000000 -2.000000
0.000000 0.000000 0.000000
1.275000 1.275000 1.275000
NEW
7.000000 0.000000 -3.000000
0.000000 0.000000 0.000000
1.275000 1.275000 1.275000
NEW
7.000000 0.000000 -4.000000
0.000000 0.000000 0.000000
1.275000 1.275000 1.275000
NEW
7.000000 0.000000 -5.000000
0.000000 0.000000 0.000000
1.275000 1.275000 1.275000
NEW
7.000000 0.000000 -6.000000
0.000000 0.000000 0.000000
1.275000 1.275000 1.275000
NEW
7.000000 0.000000 -7.000000
0.000000 0.000000 0.000000
1.275000 1.275000 1.275000
NEW
7.000000 0.000000 -8.000000
0.000000 0.000000 0.000000
1.275000 1.275000 1.275000
NEW
7.000000 0.000000 -9.000000
0.000000 0.000000 0.000000
1.275000 1.275000 1.275000
NEW
8.000000 0.000000 -1.000000
0.000000 0.000000 0.000000
1.275000 1.275000 1.275000
NEW
8.000000 0.000000 -2.000000
0.000000 0.000000 0.000000
1.275000 1.275000 1.275000
NEW
8.000000 0.000000 -3.000000
0.000000 0.000000 0.000000
1.275000 1.275000 1.275000
NEW
8.000000 0.000000 -4.000000
0.000000 0.000000 0.000000
1.275000 1.275000 1.275000
NEW
8.000000 0.000000 -5.000000
0.000000 0.000000 0.000000
1.275000 1.275000 1.275000
NEW
8.000000 0.000000 -6.000000
0.000000 0.000000 0.000000
1.275000 1.275000 1.275000
NEW
8.000000 0.000000 -7.000000
0.000000 0.000000 0.000000
1.275000 1.275000 1.275000
NEW
8.000000 0.000000 -8.000000
0.000000 0.000000 0.000000
1.275000 1.275000 1.275000
NEW
8.000000 0.000000 -9.000000
0.000000 0.000000 0.000000
1.275000 1.275000 1.275000
NEW
9.000000 0.000000 -1.000000
0.000000 0.000000 0.000000
1.275000 1.275000 1.275000
NEW
9.000000 0.000000 -2.000000
0.000000 0.000000 0.000000
1.275000 1.275000 1.275000
NEW
9.000000 0.000000 -3.000000
0.000000 0.000000 0.000000
1.275000 1.275000 1.275000
NEW
9.000000 0.000000 -4.000000
0.000000 0.000000 0.000000
1.275000 1.275000 1.275000
NEW
9.000000 0.000000 -5.000000
0.000000 0.000000 0.000000
1.275000 1.275000 1.275000
NEW
9.000000 0.000000 -6.000000
0.000000 0.000000 0.000000
1.275000 1.275000 1.275000
NEW
9.000000 0.000000 -7.000000
0.000000 0.000000 0.000000
1.275000 1.275000 1.275000
NEW
9.000000 0.000000 -8.000000
0.000000 0.000000 0.000000
1.275000 1.275000 1.275000
NEW
9.000000 0.000000 -9.000000
0.000000 0.000000 0.000000
1.275000 1.275000 1.275000
NEW
10.000000 0.000000 -1.000000
0.000000 0.000000 0.000000
1.275000 1.275000 1.275000
NEW
10.000000 0.000000 -2.000000
0.000000 0.000000 0.000000
1.275000 1.275000 1.275000
NEW
10.000000 0.000000 -3.000000
0.000000 0.000000 0.000000
1.275000 1.275000 1.275000
NEW
10.000000 0.000000 -4.000000
0.000000 0.000000 0.000000
1.275000 1.275000 1.275000
NEW
10.000000 0.000000 -5.000000
0.000000 0.000000 0.000000
1.275000 1.275000 1.275000
NEW
10.000000 0.000000 -6.000000
0.000000 0.000000 0.000000
1.275000 1.275000 1.275000
NEW
10.000000 0.000000 -7.000000
0.000000 0.000000 0.000000
1.275000 1.275000 1.275000
NEW
10.000000 0.000000 -8.000000
0.000000 0.000000 0.000000
1.275000 1.275000 1.275000
NEW
10.000000 0.000000 -9.000000
0.000000 0.000000 0.000000
1.275000 1.275000 1.275000
NEW
11.000000 0.000000 -1.000000
0.000000 0.000000 0.000000
1.275000 1.275000 1.275000
NEW
11.000000 0.000000 -2.000000
0.000000 0.000000 0.000000
1.275000 1.275000 1.275000
NEW
11.000000 0.000000 -3.000000
0.000000 0.000000 0.000000
1.275000 1.275000 1.275000
NEW
11.000000 0.000000 -4.000000
0.000000 0.000000 0.000000
1.275000 1.275000 1.275000
NEW
11.000000 0.000000 -5.000000
0.000000 0.000000 0.000000
1.275000 1.275000 1.275000
NEW
11.000000 0.000000 -6.000000
0.000000 0.000000 0.000000
1.275000 1.275000 1.275000
NEW
11.000000 0.000000 -7.000000
0.000000 0.000000 0.000000
1.275000 1.275000 1.275000
NEW
11.000000 0.000000 -8.000000
0.000000 0.000000 0.000000
1.275000 1.275000 1.275000
NEW
11.000000 0.000000 -9.000000
0.000000 0.000000 0.000000
1.275000 1.275000 1.275000
NEW
12.000000 0.000000 -1.000000
0.000000 0.000000 0.000000
1.275000 1.275000 1.275000
NEW
12.000000 0.000000 -2.000000
0.000000 0.000000 0.000000
1.275000 1.275000 1.275000
NEW
12.000000 0.000000 -3.000000
0.000000 0.000000 0.000000
1.275000 1.275000 1.275000
NEW
12.000000 0.000000 -4.000000
0.000000 0.000000 0.000000
1.275000 1.275000 1.275000
NEW
12.000000 0.000000 -5.000000
0.000000 0.000000 0.000000
1.275000 1.275000 1.275000
NEW
12.000000 0.000000 -6.000000
0.000000 0.000000 0.000000
1.275000 1.275000 1.275000
NEW
12.000000 0.000000 -7.000000
0.000000 0.000000 0.000000
1.275000 1.275000 1.275000
NEW
12.000000 0.000000 -8.000000
0.000000 0.000000 0.000000
1.275000 1.275000 1.275000
NEW
12.000000 0.000000 -9.000000
0.000000 0.000000 0.000000
1.275000 1.275000 1.275000
END
MAPMESH_TAG_CONCAVE_WORN
END
MAPMESH_TAG_CORNER_CONCAVE_WORN
END
MAPMESH_TAG_CORNER_CONVER_SHORT
END
MAPMESH_TAG_TORCH_STATIC_01
NEW
1.000000 2.000000 -5.000000
0.000000 4.712389 0.000000
1.275000 1.275000 1.275000
END
END
<SURFACE>
<WALL>
END
<GROUND>
NEW
-431602080.000000 -431602080.000000 -431602080.000000
NEW
13.000000 -431602080.000000 -431602080.000000
NEW
13.000000 0.000000 -10.000000
NEW
-431602080.000000 -431602080.000000 -431602080.000000
NEW
13.000000 0.000000 -10.000000
NEW
-431602080.000000 0.000000 -10.000000
NEW
0.000000 0.000000 0.000000
NEW
13.000000 0.000000 0.000000
NEW
13.000000 0.000000 -10.000000
NEW
0.000000 0.000000 0.000000
NEW
13.000000 0.000000 -10.000000
NEW
0.000000 0.000000 -10.000000
END
END
<GRIDNODE>
NEW
0.000000 0.000000 0.000000
0 0
NEW
0.000000 0.000000 -1.000000
0 1
NEW
0.000000 0.000000 -2.000000
0 2
NEW
0.000000 0.000000 -3.000000
0 3
NEW
0.000000 0.000000 -4.000000
0 4
NEW
0.000000 0.000000 -5.000000
0 5
NEW
0.000000 0.000000 -6.000000
0 6
NEW
0.000000 0.000000 -7.000000
0 7
NEW
0.000000 0.000000 -8.000000
0 8
NEW
0.000000 0.000000 -9.000000
0 9
NEW
0.000000 0.000000 -10.000000
0 10
NEW
1.000000 0.000000 0.000000
1 0
NEW
1.000000 0.000000 -1.000000
1 1
NEW
1.000000 0.000000 -2.000000
1 2
NEW
1.000000 0.000000 -3.000000
1 3
NEW
1.000000 0.000000 -4.000000
1 4
NEW
1.000000 0.000000 -5.000000
1 5
NEW
1.000000 0.000000 -6.000000
1 6
NEW
1.000000 0.000000 -7.000000
1 7
NEW
1.000000 0.000000 -8.000000
1 8
NEW
1.000000 0.000000 -9.000000
1 9
NEW
1.000000 0.000000 -10.000000
1 10
NEW
2.000000 0.000000 0.000000
2 0
NEW
2.000000 0.000000 -1.000000
2 1
NEW
2.000000 0.000000 -2.000000
2 2
NEW
2.000000 0.000000 -3.000000
2 3
NEW
2.000000 0.000000 -4.000000
2 4
NEW
2.000000 0.000000 -5.000000
2 5
NEW
2.000000 0.000000 -6.000000
2 6
NEW
2.000000 0.000000 -7.000000
2 7
NEW
2.000000 0.000000 -8.000000
2 8
NEW
2.000000 0.000000 -9.000000
2 9
NEW
2.000000 0.000000 -10.000000
2 10
NEW
3.000000 0.000000 0.000000
3 0
NEW
3.000000 0.000000 -1.000000
3 1
NEW
3.000000 0.000000 -2.000000
3 2
NEW
3.000000 0.000000 -3.000000
3 3
NEW
3.000000 0.000000 -4.000000
3 4
NEW
3.000000 0.000000 -5.000000
3 5
NEW
3.000000 0.000000 -6.000000
3 6
NEW
3.000000 0.000000 -7.000000
3 7
NEW
3.000000 0.000000 -8.000000
3 8
NEW
3.000000 0.000000 -9.000000
3 9
NEW
3.000000 0.000000 -10.000000
3 10
NEW
4.000000 0.000000 0.000000
4 0
NEW
4.000000 0.000000 -1.000000
4 1
NEW
4.000000 0.000000 -2.000000
4 2
NEW
4.000000 0.000000 -3.000000
4 3
NEW
4.000000 0.000000 -4.000000
4 4
NEW
4.000000 0.000000 -5.000000
4 5
NEW
4.000000 0.000000 -6.000000
4 6
NEW
4.000000 0.000000 -7.000000
4 7
NEW
4.000000 0.000000 -8.000000
4 8
NEW
4.000000 0.000000 -9.000000
4 9
NEW
4.000000 0.000000 -10.000000
4 10
NEW
5.000000 0.000000 0.000000
5 0
NEW
5.000000 0.000000 -1.000000
5 1
NEW
5.000000 0.000000 -2.000000
5 2
NEW
5.000000 0.000000 -3.000000
5 3
NEW
5.000000 0.000000 -4.000000
5 4
NEW
5.000000 0.000000 -5.000000
5 5
NEW
5.000000 0.000000 -6.000000
5 6
NEW
5.000000 0.000000 -7.000000
5 7
NEW
5.000000 0.000000 -8.000000
5 8
NEW
5.000000 0.000000 -9.000000
5 9
NEW
5.000000 0.000000 -10.000000
5 10
NEW
6.000000 0.000000 0.000000
6 0
NEW
6.000000 0.000000 -1.000000
6 1
NEW
6.000000 0.000000 -2.000000
6 2
NEW
6.000000 0.000000 -3.000000
6 3
NEW
6.000000 0.000000 -4.000000
6 4
NEW
6.000000 0.000000 -5.000000
6 5
NEW
6.000000 0.000000 -6.000000
6 6
NEW
6.000000 0.000000 -7.000000
6 7
NEW
6.000000 0.000000 -8.000000
6 8
NEW
6.000000 0.000000 -10.000000
6 10
NEW
7.000000 0.000000 0.000000
7 0
NEW
7.000000 0.000000 -1.000000
7 1
NEW
7.000000 0.000000 -2.000000
7 2
NEW
7.000000 0.000000 -3.000000
7 3
NEW
7.000000 0.000000 -5.000000
7 5
NEW
7.000000 0.000000 -6.000000
7 6
NEW
7.000000 0.000000 -7.000000
7 7
NEW
7.000000 0.000000 -8.000000
7 8
NEW
7.000000 0.000000 -10.000000
7 10
NEW
8.000000 0.000000 0.000000
8 0
NEW
8.000000 0.000000 -1.000000
8 1
NEW
8.000000 0.000000 -2.000000
8 2
NEW
8.000000 0.000000 -3.000000
8 3
NEW
8.000000 0.000000 -4.000000
8 4
NEW
8.000000 0.000000 -5.000000
8 5
NEW
8.000000 0.000000 -6.000000
8 6
NEW
8.000000 0.000000 -7.000000
8 7
NEW
8.000000 0.000000 -8.000000
8 8
NEW
8.000000 0.000000 -9.000000
8 9
NEW
8.000000 0.000000 -10.000000
8 10
NEW
9.000000 0.000000 0.000000
9 0
NEW
9.000000 0.000000 -1.000000
9 1
NEW
9.000000 0.000000 -2.000000
9 2
NEW
9.000000 0.000000 -3.000000
9 3
NEW
9.000000 0.000000 -4.000000
9 4
NEW
9.000000 0.000000 -5.000000
9 5
NEW
9.000000 0.000000 -6.000000
9 6
NEW
9.000000 0.000000 -7.000000
9 7
NEW
9.000000 0.000000 -8.000000
9 8
NEW
9.000000 0.000000 -9.000000
9 9
NEW
9.000000 0.000000 -10.000000
9 10
NEW
10.000000 0.000000 0.000000
10 0
NEW
10.000000 0.000000 -1.000000
10 1
NEW
10.000000 0.000000 -2.000000
10 2
NEW
10.000000 0.000000 -3.000000
10 3
NEW
10.000000 0.000000 -4.000000
10 4
NEW
10.000000 0.000000 -5.000000
10 5
NEW
10.000000 0.000000 -6.000000
10 6
NEW
10.000000 0.000000 -7.000000
10 7
NEW
10.000000 0.000000 -8.000000
10 8
NEW
10.000000 0.000000 -9.000000
10 9
NEW
10.000000 0.000000 -10.000000
10 10
NEW
11.000000 0.000000 0.000000
11 0
NEW
11.000000 0.000000 -1.000000
11 1
NEW
11.000000 0.000000 -2.000000
11 2
NEW
11.000000 0.000000 -3.000000
11 3
NEW
11.000000 0.000000 -4.000000
11 4
NEW
11.000000 0.000000 -5.000000
11 5
NEW
11.000000 0.000000 -6.000000
11 6
NEW
11.000000 0.000000 -7.000000
11 7
NEW
11.000000 0.000000 -8.000000
11 8
NEW
11.000000 0.000000 -9.000000
11 9
NEW
11.000000 0.000000 -10.000000
11 10
NEW
12.000000 0.000000 0.000000
12 0
NEW
12.000000 0.000000 -1.000000
12 1
NEW
12.000000 0.000000 -2.000000
12 2
NEW
12.000000 0.000000 -3.000000
12 3
NEW
12.000000 0.000000 -4.000000
12 4
NEW
12.000000 0.000000 -5.000000
12 5
NEW
12.000000 0.000000 -6.000000
12 6
NEW
12.000000 0.000000 -7.000000
12 7
NEW
12.000000 0.000000 -8.000000
12 8
NEW
12.000000 0.000000 -9.000000
12 9
NEW
12.000000 0.000000 -10.000000
12 10
NEW
13.000000 0.000000 0.000000
13 0
NEW
13.000000 0.000000 -1.000000
13 1
NEW
13.000000 0.000000 -2.000000
13 2
NEW
13.000000 0.000000 -3.000000
13 3
NEW
13.000000 0.000000 -4.000000
13 4
NEW
13.000000 0.000000 -5.000000
13 5
NEW
13.000000 0.000000 -6.000000
13 6
NEW
13.000000 0.000000 -7.000000
13 7
NEW
13.000000 0.000000 -8.000000
13 8
NEW
13.000000 0.000000 -9.000000
13 9
NEW
13.000000 0.000000 -10.000000
13 10
END
END
