<LEFTTOP>
0.000000 0.000000 0.000000
END
<MESH>
MAPMESH_TAG_CEILING_DEFAULT
END
MAPMESH_TAG_CEILING_BROKEN
END
MAPMESH_TAG_CEILING_NORMAL
NEW
4.000000 3.000000 -6.000000
0.000000 6.283185 0.000000
1.275000 1.275000 1.275000
NEW
4.000000 3.000000 -8.000000
0.000000 6.283185 0.000000
1.275000 1.275000 1.275000
NEW
6.000000 3.000000 -6.000000
0.000000 6.283185 0.000000
1.275000 1.275000 1.275000
NEW
6.000000 3.000000 -8.000000
0.000000 6.283185 0.000000
1.275000 1.275000 1.275000
NEW
8.000000 3.000000 -6.000000
0.000000 6.283185 0.000000
1.275000 1.275000 1.275000
NEW
8.000000 3.000000 -8.000000
0.000000 6.283185 0.000000
1.275000 1.275000 1.275000
NEW
10.000000 3.000000 -6.000000
0.000000 6.283185 0.000000
1.275000 1.275000 1.275000
NEW
10.000000 3.000000 -8.000000
0.000000 6.283185 0.000000
1.275000 1.275000 1.275000
NEW
12.000000 3.000000 -6.000000
0.000000 6.283185 0.000000
1.275000 1.275000 1.275000
NEW
12.000000 3.000000 -8.000000
0.000000 6.283185 0.000000
1.275000 1.275000 1.275000
NEW
14.000000 3.000000 -6.000000
0.000000 0.000000 0.000000
1.275000 1.275000 1.275000
NEW
14.000000 3.000000 -8.000000
0.000000 0.000000 0.000000
1.275000 1.275000 1.275000
NEW
16.000000 3.000000 -6.000000
0.000000 0.000000 0.000000
1.275000 1.275000 1.275000
NEW
16.000000 3.000000 -8.000000
0.000000 0.000000 0.000000
1.275000 1.275000 1.275000
NEW
18.000000 3.000000 -6.000000
0.000000 0.000000 0.000000
1.275000 1.275000 1.275000
NEW
18.000000 3.000000 -8.000000
0.000000 0.000000 0.000000
1.275000 1.275000 1.275000
NEW
20.000000 3.000000 -6.000000
0.000000 0.000000 0.000000
1.275000 1.275000 1.275000
NEW
20.000000 3.000000 -8.000000
0.000000 0.000000 0.000000
1.275000 1.275000 1.275000
NEW
22.000000 3.000000 -6.000000
0.000000 0.000000 0.000000
1.275000 1.275000 1.275000
NEW
22.000000 3.000000 -8.000000
0.000000 0.000000 0.000000
1.275000 1.275000 1.275000
END
MAPMESH_TAG_WALL_WORN
NEW
0.000000 0.000000 -4.000000
0.000000 0.000000 0.000000
1.275000 1.275000 1.275000
NEW
2.000000 0.000000 -4.000000
0.000000 0.000000 0.000000
1.275000 1.275000 1.275000
NEW
4.000000 0.000000 -4.000000
0.000000 0.000000 0.000000
1.275000 1.275000 1.275000
NEW
6.000000 0.000000 -4.000000
0.000000 0.000000 0.000000
1.275000 1.275000 1.275000
NEW
7.000000 0.000000 -1.000000
0.000000 4.712389 0.000000
1.275000 1.275000 1.275000
NEW
7.000000 0.000000 -3.000000
0.000000 4.712389 0.000000
1.275000 1.275000 1.275000
NEW
9.000000 0.000000 -1.000000
0.000000 1.570796 0.000000
1.275000 1.275000 1.275000
NEW
9.000000 0.000000 -3.000000
0.000000 1.570796 0.000000
1.275000 1.275000 1.275000
NEW
10.000000 0.000000 -4.000000
0.000000 0.000000 0.000000
1.275000 1.275000 1.275000
NEW
12.000000 0.000000 -4.000000
0.000000 0.000000 0.000000
1.275000 1.275000 1.275000
NEW
14.000000 0.000000 -4.000000
0.000000 0.000000 0.000000
1.275000 1.275000 1.275000
NEW
16.000000 0.000000 -4.000000
0.000000 0.000000 0.000000
1.275000 1.275000 1.275000
NEW
18.000000 0.000000 -4.000000
0.000000 0.000000 0.000000
1.275000 1.275000 1.275000
NEW
20.000000 0.000000 -4.000000
0.000000 0.000000 0.000000
1.275000 1.275000 1.275000
NEW
22.000000 0.000000 -4.000000
0.000000 0.000000 0.000000
1.275000 1.275000 1.275000
END
MAPMESH_TAG_PILLAR_DEFAULT
END
MAPMESH_TAG_PILLAR_FULL
NEW
7.000000 0.000000 -4.000000
0.000000 0.000000 0.000000
1.275000 1.275000 1.275000
NEW
9.000000 0.000000 -4.000000
0.000000 0.000000 0.000000
1.275000 1.275000 1.275000
END
MAPMESH_TAG_FLOOR_DEFAULT
NEW
0.000000 0.000000 -4.000000
0.000000 0.000000 0.000000
1.275000 1.275000 1.275000
NEW
0.000000 0.000000 -5.000000
0.000000 0.000000 0.000000
1.275000 1.275000 1.275000
NEW
0.000000 0.000000 -6.000000
0.000000 0.000000 0.000000
1.275000 1.275000 1.275000
NEW
0.000000 0.000000 -7.000000
0.000000 0.000000 0.000000
1.275000 1.275000 1.275000
NEW
0.000000 0.000000 -8.000000
0.000000 0.000000 0.000000
1.275000 1.275000 1.275000
NEW
0.000000 0.000000 -9.000000
0.000000 0.000000 0.000000
1.275000 1.275000 1.275000
NEW
1.000000 0.000000 -4.000000
0.000000 0.000000 0.000000
1.275000 1.275000 1.275000
NEW
1.000000 0.000000 -5.000000
0.000000 0.000000 0.000000
1.275000 1.275000 1.275000
NEW
1.000000 0.000000 -6.000000
0.000000 0.000000 0.000000
1.275000 1.275000 1.275000
NEW
1.000000 0.000000 -7.000000
0.000000 0.000000 0.000000
1.275000 1.275000 1.275000
NEW
1.000000 0.000000 -8.000000
0.000000 0.000000 0.000000
1.275000 1.275000 1.275000
NEW
1.000000 0.000000 -9.000000
0.000000 0.000000 0.000000
1.275000 1.275000 1.275000
NEW
2.000000 0.000000 -4.000000
0.000000 0.000000 0.000000
1.275000 1.275000 1.275000
NEW
2.000000 0.000000 -5.000000
0.000000 0.000000 0.000000
1.275000 1.275000 1.275000
NEW
2.000000 0.000000 -6.000000
0.000000 0.000000 0.000000
1.275000 1.275000 1.275000
NEW
2.000000 0.000000 -7.000000
0.000000 0.000000 0.000000
1.275000 1.275000 1.275000
NEW
2.000000 0.000000 -8.000000
0.000000 0.000000 0.000000
1.275000 1.275000 1.275000
NEW
2.000000 0.000000 -9.000000
0.000000 0.000000 0.000000
1.275000 1.275000 1.275000
NEW
3.000000 0.000000 -4.000000
0.000000 6.283185 0.000000
1.275000 1.275000 1.275000
NEW
3.000000 0.000000 -5.000000
0.000000 6.283185 0.000000
1.275000 1.275000 1.275000
NEW
3.000000 0.000000 -6.000000
0.000000 6.283185 0.000000
1.275000 1.275000 1.275000
NEW
3.000000 0.000000 -7.000000
0.000000 6.283185 0.000000
1.275000 1.275000 1.275000
NEW
3.000000 0.000000 -8.000000
0.000000 6.283185 0.000000
1.275000 1.275000 1.275000
NEW
3.000000 0.000000 -9.000000
0.000000 6.283185 0.000000
1.275000 1.275000 1.275000
NEW
4.000000 0.000000 -4.000000
0.000000 6.283185 0.000000
1.275000 1.275000 1.275000
NEW
4.000000 0.000000 -5.000000
0.000000 6.283185 0.000000
1.275000 1.275000 1.275000
NEW
4.000000 0.000000 -6.000000
0.000000 6.283185 0.000000
1.275000 1.275000 1.275000
NEW
4.000000 0.000000 -7.000000
0.000000 6.283185 0.000000
1.275000 1.275000 1.275000
NEW
4.000000 0.000000 -8.000000
0.000000 6.283185 0.000000
1.275000 1.275000 1.275000
NEW
4.000000 0.000000 -9.000000
0.000000 6.283185 0.000000
1.275000 1.275000 1.275000
NEW
5.000000 0.000000 -4.000000
0.000000 6.283185 0.000000
1.275000 1.275000 1.275000
NEW
5.000000 0.000000 -5.000000
0.000000 6.283185 0.000000
1.275000 1.275000 1.275000
NEW
5.000000 0.000000 -6.000000
0.000000 6.283185 0.000000
1.275000 1.275000 1.275000
NEW
5.000000 0.000000 -7.000000
0.000000 6.283185 0.000000
1.275000 1.275000 1.275000
NEW
5.000000 0.000000 -8.000000
0.000000 6.283185 0.000000
1.275000 1.275000 1.275000
NEW
5.000000 0.000000 -9.000000
0.000000 6.283185 0.000000
1.275000 1.275000 1.275000
NEW
6.000000 0.000000 -4.000000
0.000000 6.283185 0.000000
1.275000 1.275000 1.275000
NEW
6.000000 0.000000 -5.000000
0.000000 6.283185 0.000000
1.275000 1.275000 1.275000
NEW
6.000000 0.000000 -6.000000
0.000000 6.283185 0.000000
1.275000 1.275000 1.275000
NEW
6.000000 0.000000 -7.000000
0.000000 6.283185 0.000000
1.275000 1.275000 1.275000
NEW
6.000000 0.000000 -8.000000
0.000000 6.283185 0.000000
1.275000 1.275000 1.275000
NEW
6.000000 0.000000 -9.000000
0.000000 6.283185 0.000000
1.275000 1.275000 1.275000
NEW
7.000000 0.000000 0.000000
0.000000 6.283185 0.000000
1.275000 1.275000 1.275000
NEW
7.000000 0.000000 -1.000000
0.000000 6.283185 0.000000
1.275000 1.275000 1.275000
NEW
7.000000 0.000000 -2.000000
0.000000 6.283185 0.000000
1.275000 1.275000 1.275000
NEW
7.000000 0.000000 -3.000000
0.000000 6.283185 0.000000
1.275000 1.275000 1.275000
NEW
7.000000 0.000000 -4.000000
0.000000 6.283185 0.000000
1.275000 1.275000 1.275000
NEW
7.000000 0.000000 -5.000000
0.000000 6.283185 0.000000
1.275000 1.275000 1.275000
NEW
7.000000 0.000000 -6.000000
0.000000 6.283185 0.000000
1.275000 1.275000 1.275000
NEW
7.000000 0.000000 -7.000000
0.000000 6.283185 0.000000
1.275000 1.275000 1.275000
NEW
7.000000 0.000000 -8.000000
0.000000 6.283185 0.000000
1.275000 1.275000 1.275000
NEW
7.000000 0.000000 -9.000000
0.000000 6.283185 0.000000
1.275000 1.275000 1.275000
NEW
8.000000 0.000000 0.000000
0.000000 6.283185 0.000000
1.275000 1.275000 1.275000
NEW
8.000000 0.000000 -1.000000
0.000000 6.283185 0.000000
1.275000 1.275000 1.275000
NEW
8.000000 0.000000 -2.000000
0.000000 6.283185 0.000000
1.275000 1.275000 1.275000
NEW
8.000000 0.000000 -3.000000
0.000000 6.283185 0.000000
1.275000 1.275000 1.275000
NEW
8.000000 0.000000 -4.000000
0.000000 6.283185 0.000000
1.275000 1.275000 1.275000
NEW
8.000000 0.000000 -5.000000
0.000000 6.283185 0.000000
1.275000 1.275000 1.275000
NEW
8.000000 0.000000 -6.000000
0.000000 6.283185 0.000000
1.275000 1.275000 1.275000
NEW
8.000000 0.000000 -7.000000
0.000000 6.283185 0.000000
1.275000 1.275000 1.275000
NEW
8.000000 0.000000 -8.000000
0.000000 6.283185 0.000000
1.275000 1.275000 1.275000
NEW
8.000000 0.000000 -9.000000
0.000000 6.283185 0.000000
1.275000 1.275000 1.275000
NEW
9.000000 0.000000 0.000000
0.000000 6.283185 0.000000
1.275000 1.275000 1.275000
NEW
9.000000 0.000000 -1.000000
0.000000 6.283185 0.000000
1.275000 1.275000 1.275000
NEW
9.000000 0.000000 -2.000000
0.000000 6.283185 0.000000
1.275000 1.275000 1.275000
NEW
9.000000 0.000000 -3.000000
0.000000 6.283185 0.000000
1.275000 1.275000 1.275000
NEW
9.000000 0.000000 -4.000000
0.000000 6.283185 0.000000
1.275000 1.275000 1.275000
NEW
9.000000 0.000000 -5.000000
0.000000 6.283185 0.000000
1.275000 1.275000 1.275000
NEW
9.000000 0.000000 -6.000000
0.000000 6.283185 0.000000
1.275000 1.275000 1.275000
NEW
9.000000 0.000000 -7.000000
0.000000 6.283185 0.000000
1.275000 1.275000 1.275000
NEW
9.000000 0.000000 -8.000000
0.000000 6.283185 0.000000
1.275000 1.275000 1.275000
NEW
9.000000 0.000000 -9.000000
0.000000 6.283185 0.000000
1.275000 1.275000 1.275000
NEW
10.000000 0.000000 -4.000000
0.000000 6.283185 0.000000
1.275000 1.275000 1.275000
NEW
10.000000 0.000000 -5.000000
0.000000 6.283185 0.000000
1.275000 1.275000 1.275000
NEW
10.000000 0.000000 -6.000000
0.000000 6.283185 0.000000
1.275000 1.275000 1.275000
NEW
10.000000 0.000000 -7.000000
0.000000 6.283185 0.000000
1.275000 1.275000 1.275000
NEW
10.000000 0.000000 -8.000000
0.000000 6.283185 0.000000
1.275000 1.275000 1.275000
NEW
10.000000 0.000000 -9.000000
0.000000 6.283185 0.000000
1.275000 1.275000 1.275000
NEW
11.000000 0.000000 -4.000000
0.000000 6.283185 0.000000
1.275000 1.275000 1.275000
NEW
11.000000 0.000000 -5.000000
0.000000 6.283185 0.000000
1.275000 1.275000 1.275000
NEW
11.000000 0.000000 -6.000000
0.000000 6.283185 0.000000
1.275000 1.275000 1.275000
NEW
11.000000 0.000000 -7.000000
0.000000 6.283185 0.000000
1.275000 1.275000 1.275000
NEW
11.000000 0.000000 -8.000000
0.000000 6.283185 0.000000
1.275000 1.275000 1.275000
NEW
11.000000 0.000000 -9.000000
0.000000 6.283185 0.000000
1.275000 1.275000 1.275000
NEW
12.000000 0.000000 -4.000000
0.000000 6.283185 0.000000
1.275000 1.275000 1.275000
NEW
12.000000 0.000000 -5.000000
0.000000 6.283185 0.000000
1.275000 1.275000 1.275000
NEW
12.000000 0.000000 -6.000000
0.000000 6.283185 0.000000
1.275000 1.275000 1.275000
NEW
12.000000 0.000000 -7.000000
0.000000 6.283185 0.000000
1.275000 1.275000 1.275000
NEW
12.000000 0.000000 -8.000000
0.000000 6.283185 0.000000
1.275000 1.275000 1.275000
NEW
12.000000 0.000000 -9.000000
0.000000 6.283185 0.000000
1.275000 1.275000 1.275000
NEW
13.000000 0.000000 -4.000000
0.000000 6.283185 0.000000
1.275000 1.275000 1.275000
NEW
13.000000 0.000000 -5.000000
0.000000 6.283185 0.000000
1.275000 1.275000 1.275000
NEW
13.000000 0.000000 -6.000000
0.000000 6.283185 0.000000
1.275000 1.275000 1.275000
NEW
13.000000 0.000000 -7.000000
0.000000 6.283185 0.000000
1.275000 1.275000 1.275000
NEW
13.000000 0.000000 -8.000000
0.000000 6.283185 0.000000
1.275000 1.275000 1.275000
NEW
13.000000 0.000000 -9.000000
0.000000 6.283185 0.000000
1.275000 1.275000 1.275000
NEW
14.000000 0.000000 -4.000000
0.000000 0.000000 0.000000
1.275000 1.275000 1.275000
NEW
14.000000 0.000000 -5.000000
0.000000 0.000000 0.000000
1.275000 1.275000 1.275000
NEW
14.000000 0.000000 -6.000000
0.000000 0.000000 0.000000
1.275000 1.275000 1.275000
NEW
14.000000 0.000000 -7.000000
0.000000 0.000000 0.000000
1.275000 1.275000 1.275000
NEW
14.000000 0.000000 -8.000000
0.000000 0.000000 0.000000
1.275000 1.275000 1.275000
NEW
14.000000 0.000000 -9.000000
0.000000 0.000000 0.000000
1.275000 1.275000 1.275000
NEW
15.000000 0.000000 -4.000000
0.000000 0.000000 0.000000
1.275000 1.275000 1.275000
NEW
15.000000 0.000000 -5.000000
0.000000 0.000000 0.000000
1.275000 1.275000 1.275000
NEW
15.000000 0.000000 -6.000000
0.000000 0.000000 0.000000
1.275000 1.275000 1.275000
NEW
15.000000 0.000000 -7.000000
0.000000 0.000000 0.000000
1.275000 1.275000 1.275000
NEW
15.000000 0.000000 -8.000000
0.000000 0.000000 0.000000
1.275000 1.275000 1.275000
NEW
15.000000 0.000000 -9.000000
0.000000 0.000000 0.000000
1.275000 1.275000 1.275000
NEW
16.000000 0.000000 -4.000000
0.000000 0.000000 0.000000
1.275000 1.275000 1.275000
NEW
16.000000 0.000000 -5.000000
0.000000 0.000000 0.000000
1.275000 1.275000 1.275000
NEW
16.000000 0.000000 -6.000000
0.000000 0.000000 0.000000
1.275000 1.275000 1.275000
NEW
16.000000 0.000000 -7.000000
0.000000 0.000000 0.000000
1.275000 1.275000 1.275000
NEW
16.000000 0.000000 -8.000000
0.000000 0.000000 0.000000
1.275000 1.275000 1.275000
NEW
16.000000 0.000000 -9.000000
0.000000 0.000000 0.000000
1.275000 1.275000 1.275000
NEW
17.000000 0.000000 -4.000000
0.000000 0.000000 0.000000
1.275000 1.275000 1.275000
NEW
17.000000 0.000000 -5.000000
0.000000 0.000000 0.000000
1.275000 1.275000 1.275000
NEW
17.000000 0.000000 -6.000000
0.000000 0.000000 0.000000
1.275000 1.275000 1.275000
NEW
17.000000 0.000000 -7.000000
0.000000 0.000000 0.000000
1.275000 1.275000 1.275000
NEW
17.000000 0.000000 -8.000000
0.000000 0.000000 0.000000
1.275000 1.275000 1.275000
NEW
17.000000 0.000000 -9.000000
0.000000 0.000000 0.000000
1.275000 1.275000 1.275000
NEW
18.000000 0.000000 -4.000000
0.000000 0.000000 0.000000
1.275000 1.275000 1.275000
NEW
18.000000 0.000000 -5.000000
0.000000 0.000000 0.000000
1.275000 1.275000 1.275000
NEW
18.000000 0.000000 -6.000000
0.000000 0.000000 0.000000
1.275000 1.275000 1.275000
NEW
18.000000 0.000000 -7.000000
0.000000 0.000000 0.000000
1.275000 1.275000 1.275000
NEW
18.000000 0.000000 -8.000000
0.000000 0.000000 0.000000
1.275000 1.275000 1.275000
NEW
18.000000 0.000000 -9.000000
0.000000 0.000000 0.000000
1.275000 1.275000 1.275000
NEW
19.000000 0.000000 -4.000000
0.000000 0.000000 0.000000
1.275000 1.275000 1.275000
NEW
19.000000 0.000000 -5.000000
0.000000 0.000000 0.000000
1.275000 1.275000 1.275000
NEW
19.000000 0.000000 -6.000000
0.000000 0.000000 0.000000
1.275000 1.275000 1.275000
NEW
19.000000 0.000000 -7.000000
0.000000 0.000000 0.000000
1.275000 1.275000 1.275000
NEW
19.000000 0.000000 -8.000000
0.000000 0.000000 0.000000
1.275000 1.275000 1.275000
NEW
19.000000 0.000000 -9.000000
0.000000 0.000000 0.000000
1.275000 1.275000 1.275000
NEW
20.000000 0.000000 -4.000000
0.000000 0.000000 0.000000
1.275000 1.275000 1.275000
NEW
20.000000 0.000000 -5.000000
0.000000 0.000000 0.000000
1.275000 1.275000 1.275000
NEW
20.000000 0.000000 -6.000000
0.000000 0.000000 0.000000
1.275000 1.275000 1.275000
NEW
20.000000 0.000000 -7.000000
0.000000 0.000000 0.000000
1.275000 1.275000 1.275000
NEW
20.000000 0.000000 -8.000000
0.000000 0.000000 0.000000
1.275000 1.275000 1.275000
NEW
20.000000 0.000000 -9.000000
0.000000 0.000000 0.000000
1.275000 1.275000 1.275000
NEW
21.000000 0.000000 -4.000000
0.000000 0.000000 0.000000
1.275000 1.275000 1.275000
NEW
21.000000 0.000000 -5.000000
0.000000 0.000000 0.000000
1.275000 1.275000 1.275000
NEW
21.000000 0.000000 -6.000000
0.000000 0.000000 0.000000
1.275000 1.275000 1.275000
NEW
21.000000 0.000000 -7.000000
0.000000 0.000000 0.000000
1.275000 1.275000 1.275000
NEW
21.000000 0.000000 -8.000000
0.000000 0.000000 0.000000
1.275000 1.275000 1.275000
NEW
21.000000 0.000000 -9.000000
0.000000 0.000000 0.000000
1.275000 1.275000 1.275000
NEW
22.000000 0.000000 -4.000000
0.000000 0.000000 0.000000
1.275000 1.275000 1.275000
NEW
22.000000 0.000000 -5.000000
0.000000 0.000000 0.000000
1.275000 1.275000 1.275000
NEW
22.000000 0.000000 -6.000000
0.000000 0.000000 0.000000
1.275000 1.275000 1.275000
NEW
22.000000 0.000000 -7.000000
0.000000 0.000000 0.000000
1.275000 1.275000 1.275000
NEW
22.000000 0.000000 -8.000000
0.000000 0.000000 0.000000
1.275000 1.275000 1.275000
NEW
22.000000 0.000000 -9.000000
0.000000 0.000000 0.000000
1.275000 1.275000 1.275000
NEW
23.000000 0.000000 -4.000000
0.000000 0.000000 0.000000
1.275000 1.275000 1.275000
NEW
23.000000 0.000000 -5.000000
0.000000 0.000000 0.000000
1.275000 1.275000 1.275000
NEW
23.000000 0.000000 -6.000000
0.000000 0.000000 0.000000
1.275000 1.275000 1.275000
NEW
23.000000 0.000000 -7.000000
0.000000 0.000000 0.000000
1.275000 1.275000 1.275000
NEW
23.000000 0.000000 -8.000000
0.000000 0.000000 0.000000
1.275000 1.275000 1.275000
NEW
23.000000 0.000000 -9.000000
0.000000 0.000000 0.000000
1.275000 1.275000 1.275000
END
MAPMESH_TAG_CONCAVE_WORN
NEW
0.000000 2.000000 -4.000000
0.000000 0.000000 0.000000
1.275000 1.275000 1.275000
NEW
2.000000 2.000000 -4.000000
0.000000 0.000000 0.000000
1.275000 1.275000 1.275000
NEW
4.000000 2.000000 -4.000000
0.000000 0.000000 0.000000
1.275000 1.275000 1.275000
NEW
6.000000 2.000000 -4.000000
0.000000 0.000000 0.000000
1.275000 1.275000 1.275000
NEW
7.000000 2.000000 -1.000000
0.000000 4.712389 0.000000
1.275000 1.275000 1.275000
NEW
7.000000 2.000000 -3.000000
0.000000 4.712389 0.000000
1.275000 1.275000 1.275000
NEW
9.000000 2.000000 -1.000000
0.000000 1.570796 0.000000
1.275000 1.275000 1.275000
NEW
9.000000 2.000000 -3.000000
0.000000 1.570796 0.000000
1.275000 1.275000 1.275000
NEW
10.000000 2.000000 -4.000000
0.000000 0.000000 0.000000
1.275000 1.275000 1.275000
NEW
12.000000 2.000000 -4.000000
0.000000 0.000000 0.000000
1.275000 1.275000 1.275000
NEW
14.000000 2.000000 -4.000000
0.000000 0.000000 0.000000
1.275000 1.275000 1.275000
NEW
16.000000 2.000000 -4.000000
0.000000 0.000000 0.000000
1.275000 1.275000 1.275000
NEW
18.000000 2.000000 -4.000000
0.000000 0.000000 0.000000
1.275000 1.275000 1.275000
NEW
20.000000 2.000000 -4.000000
0.000000 0.000000 0.000000
1.275000 1.275000 1.275000
NEW
22.000000 2.000000 -4.000000
0.000000 0.000000 0.000000
1.275000 1.275000 1.275000
END
MAPMESH_TAG_CORNER_CONCAVE_WORN
END
MAPMESH_TAG_CORNER_CONVER_SHORT
NEW
7.500000 2.000000 -4.500000
0.000000 4.712389 0.000000
1.275000 1.275000 1.275000
NEW
8.500000 2.000000 -4.500000
0.000000 6.283185 0.000000
1.275000 1.275000 1.275000
END
MAPMESH_TAG_TORCH_STATIC_01
NEW
6.000000 1.000000 -4.000000
0.000000 0.000000 0.000000
1.275000 1.275000 1.275000
NEW
10.000000 1.000000 -4.000000
0.000000 0.000000 0.000000
1.275000 1.275000 1.275000
END
MAPMESH_TAG_BARREL_DEFAULT
END
END
<SURFACE>
<WALL>
END
<GROUND>
END
END
<GRIDNODE>
END
END
<PLAYER>
-431602080.000000 -431602080.000000 -431602080.000000
END
<MON1>
2.830785 -0.000000 -10.445862
END
<MON2>
2.823209 0.000000 -10.746431
END
